#1
-2 -2 -2 1
-1 -2 -2 1
-2 -1 -2 1
-2 -2 -1 1
-1 -1 -2 1
-1 -2 -1 1
-1 -1 -1 1
-2 -1 -1 1
---
#2
-2 -2 -2 2
-1 -2 -2 2
-2 -1 -2 2
-2 -2 -1 2
-1 -1 -2 2
-1 -2 -1 2
-2 -1 -1 2
-1 -1 -1 2
---
#3
-2 -2 -2 3
-1 -2 -2 3
-2 -1 -2 3
-2 -2 -1 3
-1 -1 -2 3
-1 -2 -1 3
-2 -1 -1 3
-1 -1 -1 3
---
#4
-2 -2 -2 4
-1 -2 -2 4
-2 -1 -2 4
-2 -2 -1 4
-1 -1 -2 4
-1 -2 -1 4
-2 -1 -1 4
-1 -1 -1 4
---
#5
-2 -2 -2 5
-1 -2 -2 5
-2 -1 -2 5
-2 -2 -1 5
-1 -1 -2 5
-1 -2 -1 5
-2 -1 -1 5
-1 -1 -1 5
---
#6
-2 -2 -2 6
-1 -2 -2 6
-2 -1 -2 6
-2 -2 -1 6
-1 -1 -2 6
-1 -2 -1 6
-2 -1 -1 6
-1 -1 -1 6
---
#7
-2 -2 -2 7
-1 -2 -2 7
-2 -1 -2 7
-2 -2 -1 7
-1 -1 -2 7
-1 -2 -1 7
-2 -1 -1 7
-1 -1 -1 7
---
#8
-2 -2 -2 8
-1 -2 -2 8
-2 -1 -2 8
-2 -2 -1 8
-1 -1 -2 8
-1 -2 -1 8
-2 -1 -1 8
-1 -1 -1 8
---
#9
-2 -2 -2 9
-1 -2 -2 9
-2 -1 -2 9
-2 -2 -1 9
-1 -1 -2 9
-1 -2 -1 9
-2 -1 -1 9
-1 -1 -1 9
---
#10
-2 -2 -2 10
-1 -2 -2 10
-2 -1 -2 10
-2 -2 -1 10
-1 -1 -2 10
-1 -2 -1 10
-2 -1 -1 10
-1 -1 -1 10
---
#11
-2 -2 -2 11
-1 -2 -2 11
-2 -1 -2 11
-2 -2 -1 11
-1 -1 -2 11
-1 -2 -1 11
-2 -1 -1 11
-1 -1 -1 11
---
#12
-2 -2 -2 12
-1 -2 -2 12
-2 -1 -2 12
-2 -2 -1 12
-1 -1 -2 12
-1 -2 -1 12
-2 -1 -1 12
-1 -1 -1 12
---
#13
-2 -2 -2 13
-1 -2 -2 13
-2 -1 -2 13
-2 -2 -1 13
-1 -1 -2 13
-1 -2 -1 13
-2 -1 -1 13
-1 -1 -1 13
---
#14
-2 -2 -2 14
-1 -2 -2 14
-2 -1 -2 14
-2 -2 -1 14
-1 -1 -2 14
-1 -2 -1 14
-2 -1 -1 14
-1 -1 -1 14
---
#15
-2 -2 -2 15
-1 -2 -2 15
-2 -1 -2 15
-2 -2 -1 15
-1 -1 -2 15
-1 -2 -1 15
-2 -1 -1 15
-1 -1 -1 15
---
#16
-2 -2 -2 16
-1 -2 -2 16
-2 -1 -2 16
-2 -2 -1 16
-1 -1 -2 16
-1 -2 -1 16
-2 -1 -1 16
-1 -1 -1 16
---
#17
-2 -2 -2 17
-1 -2 -2 17
-2 -1 -2 17
-2 -2 -1 17
-1 -1 -2 17
-1 -2 -1 17
-2 -1 -1 17
-1 -1 -1 17
---
#18
-2 -2 -2 18
-1 -2 -2 18
-2 -1 -2 18
-2 -2 -1 18
-1 -1 -2 18
-1 -2 -1 18
-2 -1 -1 18
-1 -1 -1 18
---
#19
-2 -2 -2 19
-1 -2 -2 19
-2 -1 -2 19
-2 -2 -1 19
-1 -1 -2 19
-1 -2 -1 19
-2 -1 -1 19
-1 -1 -1 19
---
#20
-2 -2 -2 20
-1 -2 -2 20
-2 -1 -2 20
-2 -2 -1 20
-1 -1 -2 20
-1 -2 -1 20
-2 -1 -1 20
-1 -1 -1 20
---
#21
-2 -2 -2 21
-1 -2 -2 21
-2 -1 -2 21
-2 -2 -1 21
-1 -1 -2 21
-1 -2 -1 21
-2 -1 -1 21
-1 -1 -1 21
---
#22
-2 -2 -2 22
-1 -2 -2 22
-2 -1 -2 22
-2 -2 -1 22
-1 -1 -2 22
-1 -2 -1 22
-2 -1 -1 22
-1 -1 -1 22
---
#23
-2 -2 -2 23
-1 -2 -2 23
-2 -1 -2 23
-2 -2 -1 23
-1 -1 -2 23
-1 -2 -1 23
-2 -1 -1 23
-1 -1 -1 23
---
#24
-2 -2 -2 24
-1 -2 -2 24
-2 -1 -2 24
-2 -2 -1 24
-1 -1 -2 24
-1 -2 -1 24
-2 -1 -1 24
-1 -1 -1 24
---
#25
-2 -2 -2 25
-1 -2 -2 25
-2 -1 -2 25
-2 -2 -1 25
-1 -1 -2 25
-1 -2 -1 25
-2 -1 -1 25
-1 -1 -1 25
---
#26
-2 -2 -2 26
-1 -2 -2 26
-2 -1 -2 26
-2 -2 -1 26
-1 -1 -2 26
-1 -2 -1 26
-2 -1 -1 26
-1 -1 -1 26
---
#27
-2 -2 -2 27
-1 -2 -2 27
-2 -1 -2 27
-2 -2 -1 27
-1 -1 -2 27
-1 -2 -1 27
-2 -1 -1 27
-1 -1 -1 27
---
#28
-2 -2 -2 28
-1 -2 -2 28
-2 -1 -2 28
-2 -2 -1 28
-1 -1 -2 28
-1 -2 -1 28
-2 -1 -1 28
-1 -1 -1 28
---
#29
-2 -2 -2 29
-1 -2 -2 29
-2 -1 -2 29
-2 -2 -1 29
-1 -1 -2 29
-1 -2 -1 29
-2 -1 -1 29
-1 -1 -1 29
---
#30
-2 -2 -2 30
-1 -2 -2 30
-2 -1 -2 30
-2 -2 -1 30
-1 -1 -2 30
-1 -2 -1 30
-2 -1 -1 30
-1 -1 -1 30
---
#31
-2 -2 -2 31
-1 -2 -2 31
-2 -1 -2 31
-2 -2 -1 31
-1 -1 -2 31
-1 -2 -1 31
-2 -1 -1 31
-1 -1 -1 31
---
#32
-2 -2 -2 32
-1 -2 -2 32
-2 -1 -2 32
-2 -2 -1 32
-1 -1 -2 32
-1 -2 -1 32
-2 -1 -1 32
-1 -1 -1 32
---
#33
-2 -2 -2 33
-1 -2 -2 33
-2 -1 -2 33
-2 -2 -1 33
-1 -1 -2 33
-1 -2 -1 33
-2 -1 -1 33
-1 -1 -1 33
---
#34
-2 -2 -2 34
-1 -2 -2 34
-2 -1 -2 34
-2 -2 -1 34
-1 -1 -2 34
-1 -2 -1 34
-2 -1 -1 34
-1 -1 -1 34
---
#35
-2 -2 -2 35
-1 -2 -2 35
-2 -1 -2 35
-2 -2 -1 35
-1 -1 -2 35
-1 -2 -1 35
-2 -1 -1 35
-1 -1 -1 35
---
#36
-2 -2 -2 36
-1 -2 -2 36
-2 -1 -2 36
-2 -2 -1 36
-1 -1 -2 36
-1 -2 -1 36
-2 -1 -1 36
-1 -1 -1 36
---
#37
-2 -2 -2 37
-1 -2 -2 37
-2 -1 -2 37
-2 -2 -1 37
-1 -1 -2 37
-1 -2 -1 37
-2 -1 -1 37
-1 -1 -1 37
---
#38
-2 -2 -2 38
-1 -2 -2 38
-2 -1 -2 38
-2 -2 -1 38
-1 -1 -2 38
-1 -2 -1 38
-2 -1 -1 38
-1 -1 -1 38
---
#39
-2 -2 -2 39
-1 -2 -2 39
-2 -1 -2 39
-2 -2 -1 39
-1 -1 -2 39
-1 -2 -1 39
-2 -1 -1 39
-1 -1 -1 39
---
#40
-2 -2 -2 40
-1 -2 -2 40
-2 -1 -2 40
-2 -2 -1 40
-1 -1 -2 40
-1 -2 -1 40
-2 -1 -1 40
-1 -1 -1 40
---
#41
-2 -2 -2 41
-1 -2 -2 41
-2 -1 -2 41
-2 -2 -1 41
-1 -1 -2 41
-1 -2 -1 41
-2 -1 -1 41
-1 -1 -1 41
---
#42
-2 -2 -2 42
-1 -2 -2 42
-2 -1 -2 42
-2 -2 -1 42
-1 -1 -2 42
-1 -2 -1 42
-2 -1 -1 42
-1 -1 -1 42
---
#43
-2 -2 -2 43
-1 -2 -2 43
-2 -1 -2 43
-2 -2 -1 43
-1 -1 -2 43
-1 -2 -1 43
-2 -1 -1 43
-1 -1 -1 43
---
#44
-2 -2 -2 44
-1 -2 -2 44
-2 -1 -2 44
-2 -2 -1 44
-1 -1 -2 44
-1 -2 -1 44
-2 -1 -1 44
-1 -1 -1 44
---
#45
-2 -2 -2 45
-1 -2 -2 45
-2 -1 -2 45
-2 -2 -1 45
-1 -1 -2 45
-1 -2 -1 45
-2 -1 -1 45
-1 -1 -1 45
---
#46
-2 -2 -2 46
-1 -2 -2 46
-2 -1 -2 46
-2 -2 -1 46
-1 -1 -2 46
-1 -2 -1 46
-2 -1 -1 46
-1 -1 -1 46
---
#47
-2 -2 -2 47
-1 -2 -2 47
-2 -1 -2 47
-2 -2 -1 47
-1 -1 -2 47
-1 -2 -1 47
-2 -1 -1 47
-1 -1 -1 47
---
#48
-2 -2 -2 48
-1 -2 -2 48
-2 -1 -2 48
-2 -2 -1 48
-1 -1 -2 48
-1 -2 -1 48
-2 -1 -1 48
-1 -1 -1 48
---
#49
-2 -2 -2 49
-1 -2 -2 49
-2 -1 -2 49
-2 -2 -1 49
-1 -1 -2 49
-1 -2 -1 49
-2 -1 -1 49
-1 -1 -1 49
---
#50
-2 -2 -2 50
-1 -2 -2 50
-2 -1 -2 50
-2 -2 -1 50
-1 -1 -2 50
-1 -2 -1 50
-2 -1 -1 50
-1 -1 -1 50
---
#51
-2 -2 -2 51
-1 -2 -2 51
-2 -1 -2 51
-2 -2 -1 51
-1 -1 -2 51
-1 -2 -1 51
-2 -1 -1 51
-1 -1 -1 51
---
#52
-2 -2 -2 52
-1 -2 -2 52
-2 -1 -2 52
-2 -2 -1 52
-1 -1 -2 52
-1 -2 -1 52
-2 -1 -1 52
-1 -1 -1 52
---
#53
-2 -2 -2 53
-1 -2 -2 53
-2 -1 -2 53
-2 -2 -1 53
-1 -1 -2 53
-1 -2 -1 53
-2 -1 -1 53
-1 -1 -1 53
---
#54
-2 -2 -2 54
-1 -2 -2 54
-2 -1 -2 54
-2 -2 -1 54
-1 -1 -2 54
-1 -2 -1 54
-2 -1 -1 54
-1 -1 -1 54
---
#55
-2 -2 -2 55
-1 -2 -2 55
-2 -1 -2 55
-2 -2 -1 55
-1 -1 -2 55
-1 -2 -1 55
-2 -1 -1 55
-1 -1 -1 55
---
#56
-2 -2 -2 56
-1 -2 -2 56
-2 -1 -2 56
-2 -2 -1 56
-1 -1 -2 56
-1 -2 -1 56
-2 -1 -1 56
-1 -1 -1 56
---
#57
-2 -2 -2 57
-1 -2 -2 57
-2 -1 -2 57
-2 -2 -1 57
-1 -1 -2 57
-1 -2 -1 57
-2 -1 -1 57
-1 -1 -1 57
---
#58
-2 -2 -2 58
-1 -2 -2 58
-2 -1 -2 58
-2 -2 -1 58
-1 -1 -2 58
-1 -2 -1 58
-2 -1 -1 58
-1 -1 -1 58
---
#59
-2 -2 -2 59
-1 -2 -2 59
-2 -1 -2 59
-2 -2 -1 59
-1 -1 -2 59
-1 -2 -1 59
-2 -1 -1 59
-1 -1 -1 59
---
#60
-2 -2 -2 60
-1 -2 -2 60
-2 -1 -2 60
-2 -2 -1 60
-1 -1 -2 60
-1 -2 -1 60
-2 -1 -1 60
-1 -1 -1 60
---
#61
-2 -2 -2 61
-1 -2 -2 61
-2 -1 -2 61
-2 -2 -1 61
-1 -1 -2 61
-1 -2 -1 61
-2 -1 -1 61
-1 -1 -1 61
---
#62
-2 -2 -2 62
-1 -2 -2 62
-2 -1 -2 62
-2 -2 -1 62
-1 -1 -2 62
-1 -2 -1 62
-2 -1 -1 62
-1 -1 -1 62
---
#63
-2 -2 -2 63
-1 -2 -2 63
-2 -1 -2 63
-2 -2 -1 63
-1 -1 -2 63
-1 -2 -1 63
-2 -1 -1 63
-1 -1 -1 63
---
#64
-2 -2 -2 64
-1 -2 -2 64
-2 -1 -2 64
-2 -2 -1 64
-1 -1 -2 64
-1 -2 -1 64
-2 -1 -1 64
-1 -1 -1 64
---
#65
-2 -2 -2 65
-1 -2 -2 65
-2 -1 -2 65
-2 -2 -1 65
-1 -1 -2 65
-1 -2 -1 65
-2 -1 -1 65
-1 -1 -1 65
---
#66
-2 -2 -2 66
-1 -2 -2 66
-2 -1 -2 66
-2 -2 -1 66
-1 -1 -2 66
-1 -2 -1 66
-2 -1 -1 66
-1 -1 -1 66
---
#67
-2 -2 -2 67
-1 -2 -2 67
-2 -1 -2 67
-2 -2 -1 67
-1 -1 -2 67
-1 -2 -1 67
-2 -1 -1 67
-1 -1 -1 67
---
#68
-2 -2 -2 68
-1 -2 -2 68
-2 -1 -2 68
-2 -2 -1 68
-1 -1 -2 68
-1 -2 -1 68
-2 -1 -1 68
-1 -1 -1 68
---
#69
-2 -2 -2 69
-1 -2 -2 69
-2 -1 -2 69
-2 -2 -1 69
-1 -1 -2 69
-1 -2 -1 69
-2 -1 -1 69
-1 -1 -1 69
---
#70
-2 -2 -2 70
-1 -2 -2 70
-2 -1 -2 70
-2 -2 -1 70
-1 -1 -2 70
-1 -2 -1 70
-2 -1 -1 70
-1 -1 -1 70
---
#71
-2 -2 -2 71
-1 -2 -2 71
-2 -1 -2 71
-2 -2 -1 71
-1 -1 -2 71
-1 -2 -1 71
-2 -1 -1 71
-1 -1 -1 71
---
#72
-2 -2 -2 72
-1 -2 -2 72
-2 -1 -2 72
-2 -2 -1 72
-1 -1 -2 72
-1 -2 -1 72
-2 -1 -1 72
-1 -1 -1 72
---
#73
-2 -2 -2 73
-1 -2 -2 73
-2 -1 -2 73
-2 -2 -1 73
-1 -1 -2 73
-1 -2 -1 73
-2 -1 -1 73
-1 -1 -1 73
---
#74
-2 -2 -2 74
-1 -2 -2 74
-2 -1 -2 74
-2 -2 -1 74
-1 -1 -2 74
-1 -2 -1 74
-2 -1 -1 74
-1 -1 -1 74
---
#75
-2 -2 -2 75
-1 -2 -2 75
-2 -1 -2 75
-2 -2 -1 75
-1 -1 -2 75
-1 -2 -1 75
-2 -1 -1 75
-1 -1 -1 75
---
#76
-2 -2 -2 76
-1 -2 -2 76
-2 -1 -2 76
-2 -2 -1 76
-1 -1 -2 76
-1 -2 -1 76
-2 -1 -1 76
-1 -1 -1 76
---
#77
-2 -2 -2 77
-1 -2 -2 77
-2 -1 -2 77
-2 -2 -1 77
-1 -1 -2 77
-1 -2 -1 77
-2 -1 -1 77
-1 -1 -1 77
---
#78
-2 -2 -2 78
-1 -2 -2 78
-2 -1 -2 78
-2 -2 -1 78
-1 -1 -2 78
-1 -2 -1 78
-2 -1 -1 78
-1 -1 -1 78
---
#79
-2 -2 -2 79
-1 -2 -2 79
-2 -1 -2 79
-2 -2 -1 79
-1 -1 -2 79
-1 -2 -1 79
-2 -1 -1 79
-1 -1 -1 79
---
#80
-2 -2 -2 80
-1 -2 -2 80
-2 -1 -2 80
-2 -2 -1 80
-1 -1 -2 80
-1 -2 -1 80
-2 -1 -1 80
-1 -1 -1 80
---
#81
-2 -2 -2 81
-1 -2 -2 81
-2 -1 -2 81
-2 -2 -1 81
-1 -1 -2 81
-1 -2 -1 81
-2 -1 -1 81
-1 -1 -1 81
---
#82
-2 -2 -2 82
-1 -2 -2 82
-2 -1 -2 82
-2 -2 -1 82
-1 -1 -2 82
-1 -2 -1 82
-2 -1 -1 82
-1 -1 -1 82
---
#83
-2 -2 -2 83
-1 -2 -2 83
-2 -1 -2 83
-2 -2 -1 83
-1 -1 -2 83
-1 -2 -1 83
-2 -1 -1 83
-1 -1 -1 83
---
#84
-2 -2 -2 84
-1 -2 -2 84
-2 -1 -2 84
-2 -2 -1 84
-1 -1 -2 84
-1 -2 -1 84
-2 -1 -1 84
-1 -1 -1 84
---
#85
-2 -2 -2 85
-1 -2 -2 85
-2 -1 -2 85
-2 -2 -1 85
-1 -1 -2 85
-1 -2 -1 85
-2 -1 -1 85
-1 -1 -1 85
---
#86
-2 -2 -2 86
-1 -2 -2 86
-2 -1 -2 86
-2 -2 -1 86
-1 -1 -2 86
-1 -2 -1 86
-2 -1 -1 86
-1 -1 -1 86
---
#87
-2 -2 -2 87
-1 -2 -2 87
-2 -1 -2 87
-2 -2 -1 87
-1 -1 -2 87
-1 -2 -1 87
-2 -1 -1 87
-1 -1 -1 87
---
#88
-2 -2 -2 88
-1 -2 -2 88
-2 -1 -2 88
-2 -2 -1 88
-1 -1 -2 88
-1 -2 -1 88
-2 -1 -1 88
-1 -1 -1 88
---
#89
-2 -2 -2 89
-1 -2 -2 89
-2 -1 -2 89
-2 -2 -1 89
-1 -1 -2 89
-1 -2 -1 89
-2 -1 -1 89
-1 -1 -1 89
---
#90
-2 -2 -2 90
-1 -2 -2 90
-2 -1 -2 90
-2 -2 -1 90
-1 -1 -2 90
-1 -2 -1 90
-2 -1 -1 90
-1 -1 -1 90
---
#91
-2 -2 -2 91
-1 -2 -2 91
-2 -1 -2 91
-2 -2 -1 91
-1 -1 -2 91
-1 -2 -1 91
-2 -1 -1 91
-1 -1 -1 91
---
#92
-2 -2 -2 92
-1 -2 -2 92
-2 -1 -2 92
-2 -2 -1 92
-1 -1 -2 92
-1 -2 -1 92
-2 -1 -1 92
-1 -1 -1 92
---
#93
-2 -2 -2 93
-1 -2 -2 93
-2 -1 -2 93
-2 -2 -1 93
-1 -1 -2 93
-1 -2 -1 93
-2 -1 -1 93
-1 -1 -1 93
---
#94
-2 -2 -2 94
-1 -2 -2 94
-2 -1 -2 94
-2 -2 -1 94
-1 -1 -2 94
-1 -2 -1 94
-2 -1 -1 94
-1 -1 -1 94
---
#95
-2 -2 -2 95
-1 -2 -2 95
-2 -1 -2 95
-2 -2 -1 95
-1 -1 -2 95
-1 -2 -1 95
-2 -1 -1 95
-1 -1 -1 95
---
#96
-2 -2 -2 96
-1 -2 -2 96
-2 -1 -2 96
-2 -2 -1 96
-1 -1 -2 96
-1 -2 -1 96
-2 -1 -1 96
-1 -1 -1 96
---
#97
-2 -2 -2 97
-1 -2 -2 97
-2 -1 -2 97
-2 -2 -1 97
-1 -1 -2 97
-1 -2 -1 97
-2 -1 -1 97
-1 -1 -1 97
---
#98
-2 -2 -2 98
-1 -2 -2 98
-2 -1 -2 98
-2 -2 -1 98
-1 -1 -2 98
-1 -2 -1 98
-2 -1 -1 98
-1 -1 -1 98
---
#99
-2 -2 -2 99
-1 -2 -2 99
-2 -1 -2 99
-2 -2 -1 99
-1 -1 -2 99
-1 -2 -1 99
-2 -1 -1 99
-1 -1 -1 99
---
#100
-2 -2 -2 100
-1 -2 -2 100
-2 -1 -2 100
-2 -2 -1 100
-1 -1 -2 100
-1 -2 -1 100
-2 -1 -1 100
-1 -1 -1 100
