11 12
17 11
10 0
10 16
16 2
2 15
12 6
15 5
17 15
10 9
12 15
3 8
2 11
11 9
12 10
14 15
2 4
6 4
4 8
1 13
11 3
0 3
1 15
1 19
3 3
0 15
18 3
3 1
15 6
2 7
8 8
3 3
12 1
7 9
10 8
14 1
3 14
16 5
10 9
16 13
12 16
0 3
0 3
16 15
1 10
14 9
18 9
12 3
11 12
4 1
12 18
14 16
12 2
13 14
12 9
19 4
17 19
19 17
14 15
4 15
5 11
17 16
0 1
19 3
13 3
16 18
1 10
14 5
13 19
0 17
0 11
1 17
11 1
7 17
8 3
5 14
14 2
10 7
15 1
10 1
4 19
19 17
9 13
14 14
4 6
11 4
18 5
1 1
18 0
18 6
4 3
12 10
17 14
9 13
15 12
14 11
11 13
0 0
18 15
7 2
